110
22811040
22812480
22813920
22815360
22816800
22818240
22826880
22828320
22836960
22838400
22847040
22848480
22858560
22860000
22868640
22870080
22878720
22880160
22888800
22890240
22903200
22904640
22913280
22914720
22923360
22924800
22933440
22934880
22943520
22944960
22955040
22956480
22965120
22966560
22975200
22976640
22985280
22986720
22998240
22999680
23008320
23009760
23018400
23019840
23028480
23029920
23038560
23041440
23050080
23057280
23058720
23060160
23061600
23070240
23071680
23080320
23081760
23093280
23094720
23103360
23104800
23113440
23114880
23123520
23124960
23135040
23136480
23145120
23146560
23155200
23156640
23165280
23166720
23175360
23176800
23186880
23188320
23196960
23198400
23207040
23208480
23217120
23218560
23230080
23231520
23240160
23241600
23250240
23251680
23260320
23261760
23271840
23273280
23281920
23283360
23292000
23293440
23302080
23303520
23312160
23313600
23325120
23326560
23335200
23336640
23345280
23346720
23355360
23356800
23361120
